# DOI TEST

[global]
directory=/home/user/mnt/
ioengine=pvsync2
direct=1
randrepeat=0
time_based=1
runtime=240
ramp_time=60
norandommap=1
percentile_list=1.0:25.0:50.0:75.0:80.0:85.0:90.0:95.0:99.0:99.5:99.9:99.99:99.999:99.9999:99.99999:99.999999:100.0
group_reporting=1

[randread]
rw=randread
bs=4096
numjobs=4
nrfiles=1
filesize=10G
fsync=0

